     0/299     4.26G    0.1154   0.02107   0.09978    0.2363        13       416         0         0         0         0    0.1089   0.01711   0.09623
     1/299     4.59G    0.1104   0.02264   0.09821    0.2312        15       416         0         0         0         0    0.1077   0.01681   0.09529
     2/299     4.59G    0.1102   0.02227   0.09632    0.2288         5       416   0.02228 0.0005875 1.546e-05 1.546e-06     0.108   0.01643   0.09504
     3/299     4.59G    0.1088   0.02257   0.09494    0.2263        15       416   0.02247  0.006121 0.0001346 1.659e-05    0.1152   0.01492     0.115
     4/299     4.59G    0.1079   0.02352   0.09381    0.2253        19       416 0.0002178   0.01087 0.0001116 2.224e-05    0.1085   0.01608   0.09736
     5/299     4.59G    0.1077   0.02358   0.09276    0.2241         7       416 0.0002804  0.002243 2.219e-05 6.375e-06    0.1061   0.01637   0.09148
     6/299     4.59G    0.1079    0.0219   0.09203    0.2218        13       416   0.06532 0.0002588 2.339e-06 2.339e-07    0.1067   0.01615   0.09058
     7/299     4.59G    0.1061   0.02179   0.09096    0.2188         7       416    0.1757   0.01337  0.001142 0.0001733    0.1047   0.01622   0.08897
     8/299     4.59G     0.105    0.0226   0.08923    0.2168        19       416  0.002866   0.08848  0.004104  0.001502    0.1025   0.01598   0.08757
     9/299     4.59G    0.1017   0.02308   0.08739    0.2121        17       416    0.2858   0.06111  0.003515  0.001014   0.09673   0.01617   0.08491
    10/299     4.59G   0.09762   0.02231   0.08563    0.2056        12       416    0.4199   0.05244  0.004372  0.001494   0.09581   0.01793   0.08327
    11/299     4.59G   0.09506   0.02417   0.08514    0.2044        30       416    0.3546    0.1163  0.005897  0.001652   0.09067     0.017   0.08199
    12/299     4.59G   0.09271   0.02262   0.08357    0.1989        15       416    0.3988   0.02804  0.004329  0.001437    0.0926   0.01683     0.082
    13/299     4.59G   0.09183   0.02276   0.08318    0.1978        20       416    0.4467    0.0598   0.01053  0.002381   0.09356   0.01635   0.08102
    14/299     4.59G   0.09111   0.02267   0.08244    0.1962        12       416    0.5412   0.05503   0.01428  0.006358   0.08871   0.01568   0.08132
    15/299     4.59G   0.08837     0.023   0.08237    0.1937        16       416    0.4482    0.1086   0.01781  0.008514   0.08755   0.01525   0.08031
    16/299     4.59G   0.08647   0.02255   0.08125    0.1903        23       416    0.4442   0.09225  0.009675  0.003903   0.08785   0.01595   0.07955
    17/299     4.59G   0.08471     0.023   0.08144    0.1891        23       416    0.4497   0.09679   0.01292  0.004662   0.08518   0.01599   0.07899
    18/299     4.59G    0.0815   0.02322   0.08074    0.1855         9       416    0.5242   0.07883    0.0203  0.009768   0.07894   0.01628   0.07844
    19/299     4.59G   0.08082   0.02205   0.08012     0.183        14       416    0.4475   0.09525   0.01493  0.006446   0.08062   0.01529   0.07818
    20/299     4.59G   0.08019   0.02303   0.08016    0.1834        16       416    0.4308   0.08468   0.01908   0.01115   0.07884   0.01571   0.07798
    21/299     4.59G   0.07798   0.02337   0.07923    0.1806        10       416    0.4984   0.07412   0.01792   0.01002   0.07489   0.01564     0.078
    22/299     4.59G   0.07508   0.02258   0.08088    0.1785        13       416    0.4757   0.07309   0.01517   0.00752   0.07473   0.01562   0.07798
    23/299     4.59G   0.07576   0.02349   0.07978     0.179        19       416    0.5454   0.05919   0.01761  0.009099   0.07725   0.01537   0.07779
    24/299     4.59G    0.0758   0.02344   0.08004    0.1793        21       416     0.517   0.08271   0.01649  0.009214   0.07536   0.01604   0.07747
    25/299     4.59G   0.07509   0.02192   0.07942    0.1764        15       416     0.518    0.0688   0.01794   0.01008   0.07637   0.01533   0.07731
    26/299     4.59G   0.07395   0.02298   0.07957    0.1765        20       416    0.6701   0.04169   0.01587  0.008057   0.07511   0.01554   0.07667
    27/299     4.59G   0.07413   0.02235   0.07883    0.1753        18       416     0.472   0.09892   0.01543  0.008425   0.07463   0.01626   0.07678
    28/299     4.59G   0.07235   0.02292   0.07965    0.1749        13       416    0.3888    0.1502   0.02264   0.01245   0.07233   0.01581   0.07668
    29/299     4.59G   0.07151   0.02265   0.07855    0.1727        10       416    0.3672   0.08913   0.01626  0.009023    0.0739   0.01521   0.07672
    30/299     4.59G   0.07111   0.02188   0.07759    0.1706         7       416    0.3905    0.1261   0.01821  0.009987   0.07372   0.01554   0.07639
    31/299     4.59G   0.07079   0.02297   0.07784    0.1716        70       416    0.4084    0.1392   0.02095   0.01187   0.07059   0.01528   0.07668
    32/299     4.59G   0.07039   0.02273   0.07773    0.1708        27       416    0.4085   0.09499   0.01439  0.008557   0.07584   0.01636     0.077
    33/299     4.59G   0.06903   0.02249   0.07852      0.17        17       416    0.4587   0.09319    0.0205   0.01158    0.0747   0.01537   0.07631
    34/299     4.59G   0.06827   0.02255   0.07823    0.1691        13       416    0.6279   0.04848   0.01981   0.01207   0.07549   0.01487   0.07593
    35/299     4.59G   0.06901   0.02305   0.07778    0.1698        14       416    0.4777   0.09767   0.02208   0.01313     0.069   0.01538    0.0756
    36/299     4.59G   0.06689   0.02216   0.07747    0.1665         7       416    0.4731    0.0797   0.01804   0.01061   0.06753    0.0162   0.07615
    37/299     4.59G   0.06904   0.02219   0.07798    0.1692         8       416    0.2808    0.2089   0.02332   0.01372   0.06884   0.01534    0.0757
    38/299     4.59G   0.06834   0.02189   0.07716    0.1674        12       416    0.4759   0.09977   0.02181   0.01193   0.06783   0.01536   0.07557
    39/299     4.59G    0.0671   0.02226   0.07703    0.1664        16       416    0.2525    0.1791    0.0139    0.0082   0.06747   0.02102   0.07709
    40/299     4.59G   0.06595   0.02217   0.07712    0.1652         7       416    0.4989    0.1036   0.02542   0.01527   0.06618   0.01531   0.07536
    41/299     4.59G    0.0652   0.02239   0.07714    0.1647         8       416    0.6995   0.05042    0.0242   0.01399   0.06808    0.0154   0.07509
    42/299     4.59G    0.0651   0.02189   0.07662    0.1636        14       416    0.5621   0.06318   0.02337   0.01478   0.07081     0.016   0.07533
    43/299     4.59G    0.0662   0.02272   0.07561    0.1645        22       416    0.4797   0.07529   0.02575   0.01414   0.06784   0.01597   0.07481
    44/299     4.59G   0.06485   0.02157   0.07695    0.1634        10       416    0.3606    0.1099   0.01327  0.007004   0.06852   0.01682   0.07693
    45/299     4.59G   0.06583   0.02187   0.07536    0.1631        12       416    0.3882    0.1664   0.02801   0.01583    0.0662   0.01523   0.07465
    46/299     4.59G   0.06417   0.02175   0.07665    0.1626         8       416    0.5651   0.08037   0.02901   0.01735   0.06504   0.01508   0.07455
    47/299     4.59G   0.06288   0.02066   0.07621    0.1597        10       416     0.447    0.1261   0.03155   0.01859   0.06471     0.015   0.07453
    48/299     4.59G   0.06281    0.0213   0.07569    0.1598        11       416    0.4624     0.117   0.03101   0.01879   0.06391   0.01502   0.07411
    49/299     4.59G   0.06325    0.0218   0.07591     0.161        10       416    0.6007    0.0699   0.03441   0.02037   0.06435   0.01494   0.07418
    50/299     4.59G   0.06357   0.02263   0.07469    0.1609        17       416     0.492    0.1063    0.0321   0.01805   0.06445   0.01549   0.07398
    51/299     4.59G   0.06142   0.02074   0.07523    0.1574        15       416    0.5126   0.09025   0.03037   0.01772   0.06476   0.01506   0.07393
    52/299     4.59G   0.06392    0.0211   0.07563    0.1606        20       416    0.5127   0.06749   0.02432   0.01391   0.06857   0.01536   0.07434
    53/299     4.59G   0.06236   0.02235   0.07504    0.1597        17       416    0.4686   0.09778   0.03004   0.01716   0.06497   0.01514   0.07413
    54/299     4.59G    0.0604    0.0214   0.07466    0.1565        12       416     0.485   0.09835   0.02991   0.01762   0.06422   0.01583   0.07428
    55/299     4.59G   0.06055   0.02161   0.07513    0.1573         8       416    0.4323    0.1261   0.03855   0.02208   0.06336   0.01482   0.07347
    56/299     4.59G   0.06054   0.02134   0.07569    0.1576        18       416    0.4416    0.1121   0.02997   0.01827   0.06382   0.01526   0.07381
    57/299     4.59G   0.06102   0.02237   0.07465     0.158        48       416    0.5345   0.07831   0.03381   0.01956    0.0629     0.015   0.07347
    58/299     4.59G   0.06058   0.02117   0.07395    0.1557         4       416    0.6192   0.06973   0.02877   0.01654   0.06305   0.01529   0.07423
    59/299     4.59G   0.05922   0.02082   0.07471    0.1548         7       416     0.575   0.07399   0.03798   0.02284   0.06339    0.0154   0.07329
    60/299     4.59G   0.05936   0.02182   0.07353    0.1547        21       416    0.5438   0.07607   0.03596   0.02181   0.06381   0.01516   0.07344
    61/299     4.59G   0.06045   0.02125   0.07339    0.1551        13       416    0.5079   0.09656   0.04489   0.02744   0.06431   0.01521   0.07326
    62/299     4.59G   0.05904   0.02119   0.07384    0.1541         8       416    0.6193   0.05434    0.0304   0.01837   0.06277   0.01576   0.07315
    63/299     4.59G   0.06076    0.0227   0.07381    0.1573        20       416    0.4146    0.1159   0.03388   0.01963   0.06567   0.01559   0.07387
    64/299     4.59G   0.06087   0.02245   0.07335    0.1567        17       416    0.4821   0.09676   0.03857     0.021    0.0629   0.01496   0.07301
    65/299     4.59G   0.05976   0.02165   0.07414    0.1556        11       416    0.3291    0.1443   0.02864   0.01614   0.06318   0.01504   0.07405
    66/299     4.59G   0.05917   0.02064   0.07246    0.1523         9       416    0.4923   0.08373   0.04754   0.02522   0.06191   0.01542   0.07285
    67/299     4.59G   0.05969   0.02164    0.0731    0.1544        10       416    0.5331   0.07917   0.04342    0.0262   0.06635   0.01511   0.08442
    68/299     4.59G   0.05996   0.02116   0.07244    0.1536        10       416    0.6147   0.05632   0.04444   0.02744   0.06228   0.01503   0.07293
    69/299     4.59G   0.05811   0.02076   0.07304    0.1519        16       416    0.7196    0.0491   0.03404   0.02036   0.06253   0.01511   0.07311
    70/299     4.59G   0.05724   0.02055   0.07269    0.1505        17       416    0.4557   0.09127   0.03996   0.02463   0.06111   0.01481   0.07261
    71/299     4.59G   0.05797   0.02132   0.07173     0.151        16       416     0.402    0.1279   0.04695   0.02618   0.06195    0.0154   0.07302
    72/299     4.59G   0.05807   0.02126   0.07198    0.1513        16       416    0.4005    0.1508   0.05176   0.02761   0.06202   0.01499   0.07213
    73/299     4.59G   0.05815   0.02035   0.07147      0.15         9       416      0.51   0.08379   0.03537   0.01999   0.06419   0.01464   0.07402
    74/299     4.59G   0.05789   0.02058     0.071    0.1495        14       416    0.5324   0.06198   0.04029   0.02363   0.06248   0.01485   0.07259
    75/299     4.59G   0.05706   0.02078   0.07138    0.1492        11       416     0.514   0.07578   0.04745   0.02796   0.06195   0.01514   0.07283
    76/299     4.59G   0.05739   0.02116   0.07175    0.1503        12       416     0.457   0.08524      0.05   0.02777   0.06275   0.01505   0.07447
    77/299     4.59G   0.05522   0.02064   0.07222    0.1481        17       416    0.4402    0.1054   0.03503   0.01937   0.06051   0.01519   0.07257
    78/299     4.59G   0.05734   0.02096   0.07191    0.1502        37       416    0.4958   0.09187    0.0724   0.03979   0.06129   0.01496   0.07231
    79/299     4.59G   0.05743   0.02137   0.07023     0.149         2       416    0.5885   0.07929   0.08789   0.04907   0.06044   0.01465   0.07212
    80/299     4.59G   0.05577   0.02046   0.06997    0.1462        19       416    0.4204   0.09977   0.05274   0.02953   0.06119   0.01547   0.07232
    81/299     4.59G    0.0573   0.02039   0.07151    0.1492        15       416    0.3599    0.1046   0.02461   0.01338   0.07744   0.01512   0.07931
    82/299     4.59G   0.06004   0.02189   0.07212    0.1541         8       416     0.532   0.05944   0.03745   0.02233   0.06436   0.01518   0.07347
    83/299     4.59G    0.0573    0.0203   0.07166    0.1493        20       416      0.41    0.1289   0.04134   0.02259   0.06355   0.01545   0.07298
    84/299     4.59G   0.05877   0.02064   0.07044    0.1498        16       416    0.4767     0.102   0.05036   0.03089   0.06204   0.01507   0.07225
    85/299     4.59G   0.05755   0.02092    0.0699    0.1484        28       416    0.4078    0.1291   0.04717   0.02892    0.0611   0.01541   0.07243
    86/299     4.59G   0.05518   0.01984   0.07085    0.1459        22       416    0.4023    0.1321   0.07003   0.04764   0.06185   0.01532   0.07212
    87/299     4.59G    0.0568   0.02024    0.0692    0.1463        13       416     0.302    0.1697   0.08154   0.04614   0.06093   0.01587   0.07207
    88/299     4.59G   0.05612   0.02079   0.06971    0.1466        22       416    0.5901   0.09101   0.07381   0.03817   0.06125    0.0146   0.07155
    89/299     4.59G   0.05487    0.0201   0.06879    0.1438        17       416    0.3389    0.1963   0.07224   0.04488   0.06031    0.0148   0.07136
    90/299     4.59G   0.05501   0.02078   0.06886    0.1446        21       416    0.5416   0.08812   0.07891   0.04793   0.06101    0.0153   0.07163
    91/299     4.59G   0.05708   0.02028   0.06931    0.1467        30       416    0.2287    0.1697   0.01577  0.009367   0.06614   0.06602   0.08279
    92/299     4.59G   0.05578    0.0206   0.06927    0.1456         7       416    0.4936    0.1193   0.05994   0.04003   0.06013   0.01536   0.07131
    93/299     4.59G   0.05474    0.0201    0.0686    0.1434        20       416    0.3187    0.2006   0.05082   0.03088   0.05965   0.01505   0.07075
    94/299     4.59G    0.0542   0.02012   0.06938    0.1437        13       416    0.5073     0.118   0.07054   0.04323   0.06046   0.01477   0.07086
    95/299     4.59G   0.05323   0.01971   0.06838    0.1413        16       416    0.4944   0.09449   0.06723   0.04207   0.05968   0.01468   0.07128
    96/299     4.59G   0.05462   0.01925   0.06743    0.1413        13       416    0.3166    0.2025   0.05785   0.03665   0.05996   0.01483   0.07074
    97/299     4.59G   0.05472   0.02045   0.06727    0.1424        14       416    0.5312   0.09705   0.08928    0.0416   0.05992   0.01492    0.0711
    98/299     4.59G   0.05384   0.02005    0.0658    0.1397         9       416    0.4799    0.1064   0.06536   0.03802   0.06078    0.0145   0.07125
    99/299     4.59G   0.05291    0.0184   0.06614    0.1374         5       416    0.4696   0.08787   0.05674   0.03438   0.06044   0.01467   0.07032
   100/299     4.59G   0.05379   0.01994    0.0651    0.1388        13       416    0.4673    0.1102   0.05173   0.03203    0.0599   0.01481   0.07149
   101/299     4.59G   0.05424    0.0202    0.0666     0.141        27       416    0.4542    0.1144   0.05745   0.03572   0.05991   0.01467   0.07045
   102/299     4.59G   0.05276   0.01931   0.06578    0.1378        14       416    0.5398    0.0885   0.07489   0.04814   0.05985     0.015   0.07089
   103/299     4.59G    0.0536   0.01946    0.0651    0.1382        10       416    0.2454    0.2226   0.07231   0.03702   0.05961   0.01445   0.07058
   104/299     4.59G    0.0517   0.01896   0.06489    0.1355        16       416    0.5034    0.1164   0.06957   0.04268   0.05996   0.01495    0.0711
   105/299     4.59G   0.05334   0.02021   0.06543     0.139        15       416    0.3543    0.1253   0.06015   0.03444    0.0615   0.01548   0.07241
   106/299     4.59G   0.05213   0.01908    0.0648     0.136        16       416    0.3981    0.1338   0.07117   0.04111   0.06093   0.01485   0.07265
   107/299     4.59G   0.05163   0.01889     0.065    0.1355        11       416    0.3426    0.1926   0.07154   0.04117   0.05979    0.0147    0.0716
   108/299     4.59G   0.05303   0.01924   0.06535    0.1376        22       416     0.359     0.177   0.06645   0.04067   0.05997     0.015   0.07078
   109/299     4.59G   0.05269   0.01998   0.06479    0.1375        15       416     0.244    0.2104   0.06234   0.03713   0.06003   0.01464   0.07069
   110/299     4.59G   0.05168   0.01964   0.06326    0.1346        22       416    0.4459    0.1416   0.06631   0.03901   0.05927   0.01454   0.07089
   111/299     4.59G   0.05202   0.01894    0.0624    0.1334        14       416    0.6235   0.08174   0.07379   0.04445    0.0598   0.01487   0.07078
   112/299     4.59G   0.05195   0.02002   0.06328    0.1352        31       416    0.4482    0.1299   0.06861   0.03923   0.05974   0.01506    0.0712
   113/299     4.59G   0.05105   0.01898   0.06304    0.1331        12       416    0.4789     0.128   0.08319   0.05234    0.0599   0.01479   0.07142
   114/299     4.59G   0.05062   0.01865   0.06327    0.1325        18       416     0.542    0.1032   0.07643   0.04592   0.06013   0.01472   0.07069
   115/299     4.59G    0.0516   0.01876   0.06227    0.1326        12       416    0.2798    0.2052   0.06965   0.03878   0.05987   0.01524    0.0702
   116/299     4.59G   0.05199   0.01829   0.06162    0.1319         7       416     0.405    0.1339   0.06814   0.04327   0.06007   0.01517   0.07065
   117/299     4.59G   0.05168   0.01948   0.06156    0.1327        25       416    0.6102   0.09082    0.0801   0.04883    0.0594   0.01502   0.07077
   118/299     4.59G   0.05278   0.01954   0.06134    0.1337        19       416     0.472   0.09812   0.05772   0.03257   0.05954   0.01485   0.07012
   119/299     4.59G   0.05105   0.01849   0.05978    0.1293        19       416    0.4353    0.1354   0.06959    0.0423    0.0598   0.01468   0.07006
   120/299     4.59G    0.0509   0.02013   0.05994     0.131        45       416    0.4499    0.1021   0.07318   0.04567   0.05946   0.01465   0.06979
   121/299     4.59G   0.05065    0.0182   0.06009    0.1289        20       416    0.4782    0.1187   0.07326   0.04266   0.05998   0.01467   0.06997
   122/299     4.59G   0.05115   0.01939   0.05925    0.1298        20       416    0.5228    0.1169   0.07347   0.04324   0.06018   0.01472   0.06967
   123/299     4.59G   0.05147   0.01817   0.06091    0.1305        21       416    0.3673    0.1143   0.05601    0.0284   0.06208   0.01548   0.07295
   124/299     4.59G   0.05192   0.01895   0.06059    0.1315         6       416    0.4186    0.1052   0.06932   0.04319   0.06019    0.0151    0.0708
   125/299     4.59G   0.04943   0.01784   0.06027    0.1276         5       416    0.3687   0.09845   0.06163   0.03848   0.05994   0.01482   0.07118
   126/299     4.59G   0.05142   0.01859   0.05903     0.129         8       416    0.4633    0.1272   0.07649   0.04731   0.05917   0.01496   0.07031
   127/299     4.59G   0.04971   0.01833   0.05993     0.128        19       416    0.2974    0.1835   0.07538   0.05001   0.05954   0.01465   0.06955
   128/299     4.59G   0.04992   0.01937   0.05837    0.1277        12       416    0.3986   0.09294   0.06571   0.03941   0.05991   0.01485   0.06977
   129/299     4.59G   0.05119   0.01938   0.05773    0.1283        16       416    0.4168    0.1095   0.06793   0.04083   0.05951   0.01472   0.07017
   130/299     4.59G    0.0503   0.01876   0.05745    0.1265        27       416    0.4471    0.1171   0.08579   0.04843   0.05936   0.01515   0.07128
   131/299     4.59G   0.04988   0.01822   0.05656    0.1247        10       416    0.5672   0.09488   0.09215   0.05384   0.05914   0.01472   0.06991
   132/299     4.59G   0.05046   0.01815   0.05694    0.1256        12       416    0.6323   0.08229   0.08989   0.05768   0.05996   0.01477   0.06936
   133/299     4.59G   0.04868   0.01737   0.05609    0.1221         5       416    0.3876    0.1244   0.07931   0.04789   0.05968   0.01439   0.06946
   134/299     4.59G   0.04912   0.01738   0.05552     0.122        13       416    0.3976    0.1368   0.07983    0.0471   0.05917   0.01493   0.07039
   135/299     4.59G   0.04944   0.01785   0.05619    0.1235        14       416    0.3624    0.1249   0.08722   0.04904   0.06018   0.01485   0.07066
   136/299     4.59G   0.04853   0.01788   0.05574    0.1222         8       416    0.4777     0.134   0.09086   0.05405   0.06005   0.01462   0.06972
   137/299     4.59G   0.05019   0.01793   0.05657    0.1247        14       416    0.4936   0.09943   0.09146   0.05364   0.05943   0.01491   0.06987
   138/299     4.59G   0.04843   0.01757   0.05567    0.1217        12       416    0.6334   0.07914   0.08744   0.05316   0.05941   0.01474   0.06867
   139/299     4.59G   0.04927   0.01773   0.05476    0.1218        12       416    0.2913    0.1771   0.08723   0.05282   0.05977   0.01526   0.07084
   140/299     4.59G     0.049   0.01798   0.05531    0.1223        12       416    0.2429    0.1852   0.09658   0.06344   0.05972   0.01469   0.06943
   141/299     4.59G   0.04935   0.01779   0.05431    0.1215        11       416    0.3407    0.1187   0.07474   0.04101   0.06033    0.0154   0.07081
   142/299     4.59G   0.04886   0.01781   0.05444    0.1211        15       416    0.2408    0.1787   0.07597   0.04507   0.05958   0.01494   0.07027
   143/299     4.59G   0.04951   0.01824   0.05385    0.1216        17       416    0.2468     0.173   0.08114   0.04624   0.05906   0.01526   0.06961
   144/299     4.59G   0.04794   0.01684   0.05458    0.1194        14       416    0.4447   0.07771   0.07357   0.04199   0.05948   0.01508    0.0708
   145/299     4.59G   0.04903   0.01724   0.05251    0.1188         6       416    0.5278   0.08988   0.09166    0.0536   0.05947    0.0151   0.07157
   146/299     4.59G   0.04851    0.0176   0.05326    0.1194        14       416    0.4584   0.09217   0.08877   0.05319   0.06042   0.01482    0.0711
   147/299     4.59G    0.0478   0.01752   0.05285    0.1182         8       416    0.5344    0.1004   0.09722   0.05433   0.05947   0.01504   0.07017
   148/299     4.59G   0.04927   0.01791   0.05234    0.1195        33       416    0.4196    0.1384   0.08592   0.04761   0.05903   0.01501   0.06899
   149/299     4.59G   0.04862   0.01724   0.05124    0.1171         9       416    0.2527    0.1855   0.07591   0.04641    0.0598    0.0149   0.07013
   150/299     4.59G   0.04622   0.01748   0.04997    0.1137        18       416    0.5608    0.0793   0.07698   0.04541   0.05889   0.01539   0.07117
   151/299     4.59G    0.0489   0.01779   0.04944    0.1161        22       416     0.458    0.1472   0.09491   0.05707   0.05959   0.01475   0.06947
   152/299     4.59G   0.04775   0.01748   0.05039    0.1156        72       416    0.4225   0.09536   0.07029   0.04146   0.05959   0.01481   0.07129
   153/299     4.59G    0.0473   0.01819   0.04989    0.1154        21       416    0.4332    0.1045   0.08521   0.04584   0.05948   0.01566   0.07144
   154/299     4.59G   0.04799   0.01708   0.05044    0.1155        26       416    0.3871    0.1418   0.09159   0.04918   0.05958   0.01484   0.07088
   155/299     4.59G   0.04774   0.01718   0.05044    0.1154         6       416    0.5407   0.08554   0.09661   0.05471   0.05974   0.01508   0.07031
   156/299     4.59G   0.04811    0.0173   0.04867    0.1141        34       416    0.4167   0.09972   0.09152    0.0531   0.05979   0.01504   0.07125
   157/299     4.59G   0.04736   0.01719   0.04881    0.1134        24       416    0.3592    0.1218   0.08691   0.05788   0.05889   0.01492   0.07092
   158/299     4.59G   0.04663   0.01684   0.04791    0.1114         3       416    0.5527    0.0814   0.09638   0.05405   0.05932   0.01512   0.07239
   159/299     4.59G   0.04629   0.01667   0.04792    0.1109        22       416    0.4532    0.1077   0.09088    0.0539   0.05984   0.01509   0.07191
   160/299     4.59G   0.04764   0.01709   0.04623     0.111         8       416    0.1891    0.2557   0.08605    0.0527   0.05937   0.01513   0.07175
   161/299     4.59G   0.04806    0.0178   0.04596    0.1118        19       416    0.3179    0.1183   0.07701   0.04568   0.05955   0.01537   0.07306
   162/299     4.59G   0.04776    0.0174   0.04565    0.1108        22       416    0.3947     0.128    0.1103   0.05833   0.06003   0.01506     0.072
   163/299     4.59G   0.04624   0.01667   0.04607     0.109        10       416    0.3011    0.1845   0.09219   0.05389   0.05883   0.01467   0.07148
   164/299     4.59G   0.04671   0.01718   0.04575    0.1096        23       416    0.5061   0.09859   0.09303   0.06137   0.05952   0.01494   0.07142
   165/299     4.59G   0.04581   0.01672   0.04653    0.1091        21       416    0.4326      0.12   0.09664   0.05455   0.05969   0.01502   0.07331
   166/299     4.59G    0.0475   0.01624   0.04488    0.1086        13       416     0.488   0.08047   0.08281   0.05107   0.05981   0.01558    0.0745
   167/299     4.59G   0.04765   0.01723   0.04512      0.11        15       416    0.3832     0.115   0.08842   0.04989   0.05931   0.01511   0.07324
   168/299     4.59G   0.04564   0.01679   0.04541    0.1078        24       416    0.4256      0.14    0.1102    0.0681   0.05909   0.01528   0.07232
   169/299     4.59G   0.04748   0.01688   0.04499    0.1094        23       416    0.3638    0.1403   0.08758   0.05554   0.05895   0.01481   0.07289
   170/299     4.59G   0.04596   0.01633   0.04346    0.1057         8       416    0.3995    0.1317   0.09337   0.05387   0.05958   0.01493   0.07443
   171/299     4.59G   0.04687   0.01626   0.04458    0.1077        16       416    0.3958    0.1243   0.08239   0.05035   0.05986    0.0152   0.07373
   172/299     4.59G   0.04564   0.01688   0.04328    0.1058        22       416    0.4352    0.1147    0.0938    0.0594   0.05878   0.01529   0.07352
   173/299     4.59G   0.04698   0.01674    0.0442    0.1079        10       416    0.4269    0.1066   0.08698   0.05378   0.06073    0.0152   0.07164
   174/299     4.59G    0.0461   0.01626   0.04357    0.1059         8       416     0.445    0.1368   0.09646   0.05833   0.05991    0.0151   0.07419
   175/299     4.59G   0.04546   0.01632   0.04235    0.1041        13       416     0.393    0.1147   0.09296   0.06128   0.05869   0.01524    0.0744
   176/299     4.59G   0.04527   0.01647   0.04303    0.1048        12       416    0.4873    0.1023    0.1021   0.06759   0.05953   0.01491   0.07373
   177/299     4.59G   0.04653   0.01616   0.04172    0.1044         8       416    0.4151    0.1235   0.09714   0.06351   0.06041   0.01506   0.07368
   178/299     4.59G   0.04482   0.01618   0.04212    0.1031        13       416    0.3408    0.1224   0.08774   0.05344    0.0595   0.01501   0.07317
   179/299     4.59G   0.04621   0.01668   0.04088    0.1038         9       416    0.2065    0.1819   0.08787   0.05715   0.05933   0.01529   0.07324
   180/299     4.59G   0.04578   0.01675   0.04229    0.1048        20       416    0.4516   0.08364   0.08143    0.0523   0.05984   0.01537    0.0741
   181/299     4.59G   0.04566   0.01671   0.04056    0.1029        14       416    0.3924     0.109   0.07969   0.04948   0.06042    0.0152   0.07443
   182/299     4.59G    0.0452    0.0168   0.04035    0.1023        24       416    0.2681     0.159   0.08791   0.05472   0.05988   0.01515   0.07732
   183/299     4.59G   0.04468   0.01538   0.04046    0.1005         8       416    0.2456    0.1491   0.08796   0.05836   0.06002   0.01543    0.0766
   184/299     4.59G   0.04585   0.01654   0.03891    0.1013        16       416    0.3962    0.1089   0.08194   0.05317   0.06024   0.01567   0.07344
   185/299     4.59G   0.04547   0.01598   0.03993    0.1014         8       416    0.2396    0.2189   0.08725   0.05569   0.06027   0.01509   0.07544
   186/299     4.59G   0.04399   0.01546   0.03859   0.09804        11       416    0.4441   0.08762   0.07318   0.04627   0.05971   0.01525   0.07853
   187/299     4.59G   0.04524   0.01587   0.03825   0.09936        14       416    0.3928    0.1266   0.09471   0.06147   0.06036   0.01519   0.07618
   188/299     4.59G   0.04514   0.01634   0.03946    0.1009        15       416    0.4934   0.08192   0.08544   0.05599   0.06014   0.01541   0.07416
   189/299     4.59G   0.04424    0.0154   0.03717   0.09681        14       416    0.4084    0.1337   0.08522   0.05358   0.05977   0.01561   0.07493
   190/299     4.59G   0.04499   0.01694   0.03766   0.09958        44       416    0.1875    0.2008    0.0805   0.04727   0.06018   0.01551   0.07653
   191/299     4.59G   0.04417   0.01537   0.03749   0.09703        23       416    0.4476   0.08925   0.08584   0.05013   0.05911    0.0157   0.07564
   192/299     4.59G   0.04474   0.01599   0.03751   0.09824        20       416    0.3204     0.133   0.09164   0.05755   0.05965     0.015   0.07627
   193/299     4.59G    0.0437   0.01588   0.03706   0.09663        17       416    0.2204    0.1895   0.08821   0.05661   0.05942   0.01525   0.07602
   194/299     4.59G   0.04449   0.01583   0.03737   0.09768        10       416    0.4172    0.1423    0.1108   0.06964   0.05916   0.01498   0.07581
   195/299     4.59G   0.04411   0.01541   0.03655   0.09606        10       416    0.4922   0.09258   0.09306   0.05661   0.05939   0.01497   0.07546
   196/299     4.59G   0.04487   0.01564   0.03657   0.09707         9       416    0.4382   0.08565   0.08698   0.04975   0.05997   0.01506   0.07742
   197/299     4.59G   0.04388   0.01492   0.03715   0.09596        11       416    0.3484    0.1196    0.0887   0.05584   0.05945   0.01509   0.07698
   198/299     4.59G   0.04585   0.01542   0.03518   0.09645        13       416    0.3971    0.1071     0.106   0.06774   0.05986   0.01526   0.07715
   199/299     4.59G   0.04484   0.01586   0.03559   0.09629        16       416    0.4224    0.1016   0.09267   0.05943   0.05974   0.01557   0.07728
   200/299     4.59G   0.04284   0.01496    0.0342     0.092         4       416    0.4294    0.0929   0.09365    0.0606   0.05952   0.01559   0.07732
   201/299     4.59G   0.04296   0.01547    0.0341   0.09253        14       416    0.3228    0.1092   0.09689   0.06301   0.05958   0.01548   0.07832
   202/299     4.59G   0.04291   0.01559   0.03345   0.09196         7       416    0.3329    0.1329   0.09935   0.06114   0.05953   0.01567   0.07715
   203/299     4.59G   0.04291   0.01534   0.03426   0.09251         3       416    0.3474    0.1628    0.1002    0.0608   0.05958   0.01548   0.07742
   204/299     4.59G   0.04339   0.01525   0.03374   0.09238        13       416    0.4579    0.1181    0.1122    0.0689   0.05943   0.01555   0.07837
   205/299     4.59G    0.0428   0.01547   0.03316   0.09144        19       416    0.5142    0.1041    0.1068   0.06392   0.05954   0.01554   0.07714
   206/299     4.59G   0.04333   0.01495   0.03233   0.09061        21       416    0.3917    0.1309   0.09569   0.06375   0.05986   0.01532   0.07891
   207/299     4.59G   0.04369   0.01521    0.0321     0.091        13       416    0.3772    0.1435    0.1008   0.06737   0.05988   0.01524    0.0789
   208/299     4.59G   0.04264   0.01522   0.03228   0.09014        30       416    0.3183    0.1464   0.09935   0.06431   0.05954    0.0155   0.07901
   209/299     4.59G   0.04337   0.01446   0.03263   0.09046         8       416    0.2519    0.1541   0.08762     0.056   0.05993   0.01567    0.0791
   210/299     4.59G   0.04209   0.01446   0.03094   0.08749         7       416    0.3135    0.1361   0.08863   0.05518   0.05943   0.01573   0.07794
   211/299     4.59G   0.04188   0.01478    0.0307   0.08737         7       416    0.2514     0.147   0.08963   0.05686   0.05933   0.01566   0.07935
   212/299     4.59G   0.04339   0.01512   0.03126   0.08978        17       416     0.393    0.1053   0.09613    0.0566   0.05895   0.01589   0.07955
   213/299     4.59G   0.04212   0.01461   0.02966   0.08639         4       416    0.4706    0.1032    0.0992   0.06189   0.05964   0.01533   0.07896
   214/299     4.59G   0.04392   0.01458    0.0295     0.088        11       416     0.378     0.112   0.09078   0.06087   0.05961   0.01551   0.07941
   215/299     4.59G   0.04163   0.01432   0.03117   0.08713        15       416    0.3829     0.119    0.1049    0.0685   0.06018   0.01557    0.0799
   216/299     4.59G   0.04216   0.01519   0.03001   0.08735        29       416    0.2947    0.1437    0.0905   0.05837   0.05944   0.01579   0.07946
   217/299     4.59G    0.0433   0.01448   0.02929   0.08706        18       416    0.3397    0.1243   0.09099   0.05943   0.05939   0.01571   0.08013
   218/299     4.59G   0.04209   0.01483   0.02944   0.08637        15       416    0.2488    0.1513    0.1019   0.06923   0.05913   0.01547   0.07941
   219/299     4.59G    0.0416    0.0147   0.02965   0.08595         3       416    0.3251    0.1336     0.101   0.06988   0.05891   0.01557   0.07816
   220/299     4.59G   0.04307   0.01517   0.02941   0.08765        20       416    0.4651    0.1213   0.09246   0.06217   0.05938   0.01546   0.07931
   221/299     4.59G     0.041   0.01435   0.02912   0.08447        22       416       0.3    0.1218   0.09008   0.05662   0.05929   0.01554   0.07912
   222/299     4.59G   0.04179   0.01417   0.02851   0.08446        10       416    0.2909    0.1244   0.08447    0.0567   0.05954     0.016   0.07985
   223/299     4.59G   0.04239   0.01518   0.02699   0.08456        12       416    0.3009    0.1207   0.08629   0.05767   0.05963   0.01599   0.07952
   224/299     4.59G   0.04228   0.01484   0.02827   0.08539         9       416    0.2961    0.1184   0.09126    0.0609   0.05965   0.01555   0.07987
   225/299     4.59G   0.04125   0.01408   0.02673   0.08206         7       416    0.5238    0.1026   0.09485   0.06337   0.05954   0.01563   0.07857
   226/299     4.59G   0.04264   0.01529   0.02588   0.08382        43       416    0.2345    0.1679   0.09419   0.06076   0.05925   0.01585   0.07845
   227/299     4.59G   0.04157   0.01456   0.02718    0.0833        33       416    0.4074    0.1005   0.09536   0.06041   0.05905   0.01571   0.07773
   228/299     4.59G   0.04232    0.0137   0.02723   0.08325         9       416    0.3772     0.105   0.09064   0.05746   0.05955    0.0157   0.07924
   229/299     4.59G   0.04153   0.01439   0.02691   0.08282        10       416    0.2488    0.1945    0.1048   0.06725    0.0594   0.01572   0.07964
   230/299     4.59G   0.04133   0.01403   0.02616   0.08152        15       416    0.2735    0.1326   0.08534   0.05638    0.0594   0.01578   0.08071
   231/299     4.59G   0.04099   0.01344   0.02625   0.08069         7       416     0.292    0.1371   0.09233   0.06215   0.05951    0.0159   0.08115
   232/299     4.59G   0.04172   0.01453    0.0262   0.08245        13       416      0.39     0.127    0.1006    0.0659    0.0593   0.01569   0.08061
   233/299     4.59G   0.04148     0.014     0.026   0.08148        19       416    0.3652    0.1443    0.1124   0.06598   0.05969   0.01584   0.08006
   234/299     4.59G   0.04247   0.01487   0.02532   0.08266        23       416    0.3666    0.1122    0.1083   0.06779   0.05992   0.01605   0.07964
   235/299     4.59G   0.04169   0.01523   0.02523   0.08215        25       416    0.3246    0.1281    0.1045   0.06425   0.05932   0.01617   0.07955
   236/299     4.59G   0.04081   0.01457   0.02555   0.08093        37       416    0.4112     0.103   0.08713   0.05682   0.05946   0.01616   0.08118
   237/299     4.59G   0.04072   0.01418   0.02571   0.08061        23       416    0.4885    0.1152   0.08986   0.06223   0.05918   0.01606   0.08048
   238/299     4.59G    0.0409   0.01404    0.0253   0.08024         3       416    0.2631    0.1178   0.08619     0.055   0.05936   0.01603     0.083
   239/299     4.59G   0.04113   0.01442   0.02575    0.0813        19       416    0.4295    0.1109   0.09007   0.05724   0.05923   0.01611   0.08143
   240/299     4.59G   0.04134   0.01455   0.02503   0.08093        16       416    0.3721    0.1237   0.09419   0.05581   0.05934   0.01606   0.08093
   241/299     4.59G   0.04208   0.01428   0.02465   0.08101        21       416    0.3017    0.1435    0.0925   0.05709   0.05929   0.01595   0.08157
   242/299     4.59G   0.03978   0.01388   0.02439   0.07805        15       416    0.3763    0.1038   0.09149   0.06289   0.05968   0.01598   0.08159
   243/299     4.59G   0.04058   0.01369   0.02388   0.07815         4       416    0.4464   0.09854   0.09481   0.05757   0.05994   0.01581    0.0802
   244/299     4.59G   0.03987   0.01395   0.02476   0.07858        11       416    0.4717    0.1065    0.1008   0.06068   0.05946   0.01602   0.08169
   245/299     4.59G   0.04108   0.01416   0.02294   0.07818         8       416    0.3242    0.1245    0.1114   0.05835    0.0594   0.01586   0.08325
   246/299     4.59G   0.03926   0.01307   0.02351   0.07583         7       416    0.2724    0.1588    0.1004   0.05657   0.05952   0.01589    0.0838
   247/299     4.59G   0.03986   0.01364   0.02384   0.07733        30       416    0.4169    0.1176   0.09646   0.06139    0.0597   0.01603   0.08235
   248/299     4.59G   0.03952   0.01358   0.02301   0.07611        16       416    0.3925    0.1297   0.09632   0.06327   0.05904   0.01585   0.08173
   249/299     4.59G   0.03915   0.01363   0.02398   0.07677         7       416    0.2736    0.1386    0.0964   0.06497   0.05972   0.01567   0.08284
   250/299     4.59G   0.03923   0.01409   0.02285   0.07617        15       416    0.4346     0.103   0.09206   0.06402   0.05958   0.01609   0.08224
   251/299     4.59G   0.04091   0.01424   0.02168   0.07683        14       416    0.2933    0.1288     0.112   0.08156   0.05989   0.01629   0.08304
   252/299     4.59G   0.03978   0.01375   0.02195   0.07547         7       416    0.3338    0.1153    0.1045   0.07135   0.05933   0.01611   0.08337
   253/299     4.59G   0.03972   0.01339   0.02142   0.07453         7       416    0.2725    0.1273   0.08972   0.05914    0.0593   0.01617   0.08314
   254/299     4.59G   0.03905   0.01383   0.02204   0.07492        24       416    0.3047    0.1119   0.08611   0.05174   0.05997   0.01634    0.0845
   255/299     4.59G   0.03896   0.01335   0.02133   0.07364        17       416    0.2456    0.1781   0.09399   0.06058    0.0593   0.01607   0.08457
   256/299     4.59G   0.03915   0.01369   0.02284   0.07569        13       416     0.327    0.1499   0.09409   0.06371   0.05976   0.01602   0.08169
   257/299     4.59G    0.0407   0.01449   0.02202   0.07721        32       416    0.2539    0.1537   0.08931    0.0567   0.05948   0.01599   0.08258
   258/299     4.59G   0.03968   0.01382    0.0209   0.07441         6       416    0.2705    0.1513   0.09627    0.0681   0.05994   0.01619   0.08263
   259/299     4.59G   0.03887   0.01292   0.02154   0.07333        13       416    0.2714    0.1365   0.08732   0.05614   0.05964   0.01646   0.08132
   260/299     4.59G   0.03919    0.0128   0.02225   0.07424        11       416     0.234    0.1564   0.09453   0.05564    0.0599   0.01628   0.08283
   261/299     4.59G   0.03883   0.01272   0.02185    0.0734         5       416    0.2681    0.1172   0.08436   0.05455    0.0598   0.01613   0.08271
   262/299     4.59G   0.03894   0.01274   0.02059   0.07227         5       416     0.276    0.1371   0.08853   0.05983   0.05979   0.01612   0.08359
   263/299     4.59G   0.03866   0.01303   0.02145   0.07313         8       416     0.223    0.1801   0.09359   0.06418   0.05954   0.01626   0.08149
   264/299     4.59G   0.03921   0.01293   0.02106   0.07319        12       416     0.258     0.145   0.08896   0.05812   0.06044   0.01644   0.08292
   265/299     4.59G   0.03917   0.01352   0.02112    0.0738        14       416    0.3892    0.1053    0.1099    0.0781   0.05995   0.01631   0.08369
   266/299     4.59G   0.03786   0.01289    0.0214   0.07215        12       416    0.3849    0.1171    0.1137   0.07686   0.05966   0.01635   0.08304
   267/299     4.59G   0.03942   0.01368   0.01985   0.07295        32       416      0.37    0.1095   0.08904   0.05764   0.05966   0.01639   0.08356
   268/299     4.59G   0.03798   0.01335   0.02051   0.07184        16       416    0.3511   0.08854   0.08816   0.05838   0.05928   0.01665    0.0843
   269/299     4.59G   0.03845   0.01316   0.02094   0.07255         3       416    0.2519    0.1179   0.08926   0.05893    0.0594   0.01661   0.08429
   270/299     4.59G    0.0395   0.01319    0.0194    0.0721        14       416    0.4651   0.09693    0.1073   0.07255   0.05972   0.01665   0.08419
   271/299     4.59G   0.03788   0.01236   0.02002   0.07026        15       416    0.3718    0.1066   0.09381   0.06292   0.06006   0.01632    0.0837
   272/299     4.59G   0.03781   0.01352      0.02   0.07133        15       416     0.228    0.1538   0.09293   0.06378   0.05973   0.01635   0.08419
   273/299     4.59G   0.03902   0.01398   0.02009   0.07308        12       416    0.2787    0.1411   0.08984   0.05716    0.0597   0.01637   0.08365
   274/299     4.59G    0.0388    0.0131   0.01853   0.07043        11       416    0.2758    0.1357   0.09991   0.06194    0.0597   0.01646   0.08364
   275/299     4.59G   0.03797    0.0127   0.01872   0.06939        20       416    0.4458    0.1125    0.1061    0.0641   0.05947   0.01644   0.08287
   276/299     4.59G   0.03718   0.01254    0.0198   0.06951        11       416    0.3439    0.1352     0.102   0.06679   0.05966   0.01665   0.08305
   277/299     4.59G   0.03806   0.01283   0.01903   0.06991         7       416    0.4201    0.1078    0.1077    0.0687    0.0595   0.01675   0.08338
   278/299     4.59G   0.03722   0.01268   0.01956   0.06946        20       416    0.4953   0.09526    0.0993   0.06537    0.0597   0.01665   0.08503
   279/299     4.59G   0.03822   0.01303   0.01943   0.07068        24       416    0.2798    0.1214   0.08817   0.05702   0.05977   0.01645   0.08562
   280/299     4.59G   0.03766   0.01276   0.01906   0.06948         8       416    0.2655    0.1508   0.09418   0.06378   0.05941   0.01668   0.08268
   281/299     4.59G    0.0374   0.01302   0.01827    0.0687        10       416    0.2899    0.1187   0.09041   0.05979   0.05899   0.01696   0.08415
   282/299     4.59G   0.03805   0.01245   0.01745   0.06795         9       416    0.3607    0.1146    0.1006   0.06886   0.05966   0.01704   0.08328
   283/299     4.59G   0.03727   0.01277   0.01896     0.069        18       416     0.281    0.1461   0.09665   0.06395   0.05934   0.01678   0.08392
   284/299     4.59G   0.03802   0.01387   0.01718   0.06907        19       416    0.4058   0.09715   0.08805   0.05855   0.05905   0.01662   0.08377
   285/299     4.59G   0.03714   0.01248   0.01858    0.0682        13       416    0.3363    0.1057   0.09033   0.05855   0.05947   0.01685   0.08408
   286/299     4.59G   0.03694   0.01423   0.01826   0.06943        45       416    0.2691    0.1533   0.08674   0.05834   0.05994   0.01691   0.08307
   287/299     4.59G   0.03751   0.01291   0.01726   0.06768        30       416    0.2786      0.15   0.09341   0.06118   0.05981   0.01709   0.08488
   288/299     4.59G   0.03895    0.0133   0.01736   0.06961        32       416    0.2657    0.1446   0.09839   0.06415   0.05988   0.01679   0.08558
   289/299     4.59G   0.03691   0.01232   0.01749   0.06672        21       416    0.5796   0.08166    0.1053   0.07178   0.05962   0.01679   0.08434
   290/299     4.59G   0.03807   0.01249   0.01744     0.068        10       416     0.343    0.1094   0.09756   0.06455   0.05954    0.0171    0.0836
   291/299     4.59G   0.03725   0.01299   0.01806    0.0683         9       416    0.3064    0.1474   0.09311   0.06334   0.05965   0.01706   0.08395
   292/299     4.59G   0.03644   0.01262   0.01792   0.06698         9       416    0.4762   0.09073   0.09308   0.06234   0.05966   0.01721   0.08436
   293/299     4.59G   0.03743   0.01279   0.01755   0.06777         8       416    0.3285    0.1141   0.09201   0.05697   0.05973   0.01714   0.08496
   294/299     4.59G   0.03721   0.01268    0.0173   0.06719        14       416    0.3236    0.1484    0.1032   0.06985   0.05974   0.01701   0.08569
   295/299     4.59G    0.0372   0.01277   0.01718   0.06715        11       416    0.3983    0.1301    0.1173   0.08082   0.05944   0.01715   0.08516
   296/299     4.59G    0.0371   0.01258   0.01721   0.06689        23       416    0.3162    0.1587    0.1073   0.07244   0.05964   0.01702   0.08458
   297/299     4.59G   0.03661    0.0125   0.01766   0.06677        10       416     0.474   0.08998    0.1041   0.06446   0.05993   0.01709   0.08449
   298/299     4.59G   0.03817    0.0132   0.01627   0.06765        23       416    0.4183    0.1261    0.1019   0.06233   0.05959   0.01718   0.08485
   299/299     4.59G   0.03662   0.01197   0.01788   0.06647         6       416    0.4875    0.1245    0.1113   0.06754   0.05966    0.0172   0.08345
