     0/299     2.06G    0.1183   0.02054    0.1003    0.2391        23       416         0         0         0         0     0.109   0.01683   0.09624
     1/299     1.81G    0.1127   0.02224   0.09825    0.2332        15       416         0         0         0         0    0.1077   0.01661   0.09535
     2/299     1.81G    0.1108   0.02202   0.09637    0.2291        14       416  0.000153  0.001247 7.983e-06 1.138e-06    0.1094   0.01599    0.0961
     3/299     1.81G    0.1094   0.02199   0.09494    0.2263         5       416 0.0004676  0.002717  6.95e-05 1.977e-05    0.1121   0.01543    0.1008
     4/299     1.81G    0.1087   0.02299   0.09416    0.2258        14       416 0.0001117 0.0002588 3.186e-06 3.186e-07    0.1079   0.01601   0.09328
     5/299     1.81G    0.1081   0.02307   0.09303    0.2242        11       416 0.0001385 0.0005875 6.519e-06 1.304e-06    0.1067   0.01617   0.09185
     6/299     1.81G     0.107   0.02281   0.09223    0.2221        12       416 6.901e-05 0.0005875 2.567e-06 2.567e-07    0.1065   0.01599   0.09056
     7/299     1.81G    0.1062   0.02378   0.09117    0.2211        17       416    0.9365  0.002415 0.0006163 8.847e-05    0.1051    0.0166    0.0901
     8/299     1.81G     0.103   0.02311   0.08956    0.2157        17       416  0.002396   0.07508  0.002262  0.000606     0.101   0.01665   0.08758
     9/299     1.81G   0.09976   0.02392   0.08857    0.2122        13       416    0.4834   0.01695  0.001878  0.000315    0.1002   0.01801   0.08562
    10/299     1.81G   0.09644   0.02504   0.08673    0.2082        28       416     0.336    0.0544  0.004177 0.0007894   0.09563   0.01796   0.08451
    11/299     1.81G   0.09278   0.02356   0.08589    0.2022        17       416    0.3092   0.05486  0.002784  0.001028   0.09417   0.01768   0.08363
    12/299     1.81G   0.09137   0.02342   0.08421     0.199        20       416    0.5513   0.03994  0.009235  0.004053   0.09146    0.0161   0.08281
    13/299     1.81G   0.09003   0.02417   0.08304    0.1972         5       416    0.7333   0.01913  0.008391  0.003042   0.08838   0.01692    0.0816
    14/299     1.81G   0.08916    0.0231   0.08299    0.1953         9       416    0.5608   0.03151  0.009069  0.004006   0.08693   0.01597   0.08176
    15/299     1.81G   0.08722   0.02386   0.08153    0.1926        25       416   0.03276    0.1914   0.01353  0.008422   0.08725   0.01632   0.08061
    16/299     1.81G   0.08341   0.02321   0.08156    0.1882        23       416    0.1451    0.1608   0.02144   0.01237   0.08697   0.01645   0.08009
    17/299     1.81G   0.08321   0.02354   0.08138    0.1881        17       416    0.4014    0.1044   0.01139  0.004505   0.08405   0.01619   0.07919
    18/299     1.81G   0.08099   0.02337   0.08117    0.1855        29       416    0.4512    0.1208   0.01526   0.00658    0.0802   0.01696   0.07889
    19/299     1.81G   0.08116   0.02351   0.08035     0.185        12       416    0.4463    0.1416   0.01406  0.007282   0.07904   0.01643   0.07861
    20/299     1.81G   0.07911   0.02383   0.07987    0.1828        18       416    0.4735   0.06842   0.01354  0.006631   0.08389   0.01611   0.07895
    21/299     1.81G   0.07689   0.02303   0.07951    0.1794        12       416    0.4929    0.0991   0.01537  0.007721   0.07724    0.0163   0.07807
    22/299     1.81G   0.07647   0.02335    0.0803    0.1801        21       416    0.4906   0.08456   0.02014   0.01054   0.08012   0.01552   0.07868
    23/299     1.81G   0.07465   0.02346   0.07996    0.1781        27       416    0.6751   0.04385   0.01848   0.01034   0.07583    0.0155   0.07797
    24/299     1.81G     0.075    0.0231   0.07907    0.1772        22       416    0.3764    0.1641   0.02353     0.013   0.07486   0.01602   0.07777
    25/299     1.81G   0.07367   0.02272   0.07922    0.1756        11       416    0.5406   0.06829   0.01593  0.008133   0.07543   0.01617   0.07774
    26/299     1.81G   0.07402   0.02316   0.07886     0.176        18       416    0.5685    0.0576   0.01839   0.01005     0.074   0.01598   0.07707
    27/299     1.81G   0.07288    0.0228   0.07906    0.1747         7       416     0.496    0.1164   0.01938  0.008979   0.07612   0.01543   0.07679
    28/299     1.81G    0.0727   0.02376   0.07852     0.175        23       416    0.4779   0.08005   0.01814   0.00983   0.07401   0.01535   0.07704
    29/299     1.81G   0.07031    0.0218   0.07822    0.1703        18       416    0.4994   0.08225    0.0224   0.01195   0.07104    0.0153   0.07688
    30/299     1.81G   0.07042   0.02253   0.07856    0.1715        10       416    0.3445    0.2009   0.01945   0.01071    0.0716   0.01556   0.07692
    31/299     1.81G   0.06982   0.02238   0.07851    0.1707        18       416    0.5461   0.07754   0.02496    0.0148   0.07095    0.0152   0.07663
    32/299     1.81G   0.06958    0.0229   0.07856     0.171        10       416    0.4302    0.1187   0.02038   0.01116   0.07082   0.01523   0.07674
    33/299     1.81G   0.06762   0.02152   0.07761    0.1667         9       416    0.3897    0.1541   0.02483   0.01324   0.07446   0.01472   0.07629
    34/299     1.81G   0.06911   0.02166   0.07762    0.1684        14       416    0.4077    0.1273   0.02053   0.01208      0.07   0.01524   0.07627
    35/299     1.81G   0.06876   0.02155   0.07777    0.1681         9       416    0.5651   0.06838   0.02121    0.0119   0.07011   0.01529    0.0763
    36/299     1.81G   0.06793   0.02303   0.07803     0.169        80       416    0.5295   0.08259   0.02052   0.01159   0.06996   0.01506   0.07626
    37/299     1.81G   0.06607   0.02225   0.07743    0.1658         3       416    0.4415    0.1398    0.0255   0.01491   0.06888   0.01494   0.07587
    38/299     1.81G   0.06795   0.02191   0.07683    0.1667         8       416    0.5201    0.1097   0.02365   0.01419   0.06866   0.01521   0.07593
    39/299     1.81G   0.06676   0.02193   0.07746    0.1661        19       416    0.4024    0.1805   0.03386    0.0204   0.06833   0.01522   0.07613
    40/299     1.81G   0.06701   0.02264    0.0766    0.1663        22       416    0.4072    0.1725   0.03089   0.01727   0.06854   0.01476    0.0756
    41/299     1.81G   0.06622   0.02204   0.07677     0.165        23       416    0.5229   0.08047   0.03344   0.01886   0.06672   0.01497   0.07544
    42/299     1.81G    0.0647   0.02188   0.07719    0.1638        18       416    0.5732    0.0814   0.02786   0.01565   0.06773   0.01495   0.07491
    43/299     1.81G   0.06543   0.02199   0.07672    0.1641         4       416    0.5166   0.08452   0.02694   0.01623   0.06883   0.01508   0.07549
    44/299     1.81G   0.06555   0.02205   0.07642     0.164        15       416     0.508    0.1014   0.02601   0.01524   0.07004   0.01492   0.07535
    45/299     1.81G   0.06392     0.021   0.07649    0.1614        12       416    0.4821    0.1146   0.03348   0.02016   0.06741   0.01491   0.07527
    46/299     1.81G   0.06366   0.02091   0.07613    0.1607         5       416    0.4949    0.1174   0.03192   0.01695   0.06759   0.01512   0.07499
    47/299     1.81G    0.0627   0.02139   0.07656    0.1606         8       416    0.4152    0.1471   0.02614   0.01561   0.06579   0.01497    0.0748
    48/299     1.81G   0.06388   0.02134    0.0764    0.1616        15       416    0.3973    0.1599   0.03228   0.01701   0.06569   0.01492   0.07474
    49/299     1.81G   0.06312   0.02148   0.07618    0.1608        15       416    0.5482   0.09127   0.03158   0.01759   0.06536   0.01483   0.07485
    50/299     1.81G   0.06387   0.02127   0.07551    0.1606        20       416    0.5452    0.1029   0.03316   0.02004   0.06495   0.01542   0.07473
    51/299     1.81G   0.06423   0.02166   0.07475    0.1606        24       416    0.5776   0.07473   0.02891   0.01664   0.06537   0.01479   0.07469
    52/299     1.81G   0.06355     0.021   0.07552    0.1601        19       416    0.4419    0.1154   0.04315   0.02186   0.06437   0.01482   0.07432
    53/299     1.81G   0.06341   0.02296   0.07591    0.1623        63       416    0.5677   0.09606   0.04047   0.01949   0.06495   0.01575   0.07493
    54/299     1.81G    0.0619   0.02081   0.07624    0.1589        17       416    0.4983    0.1146   0.03418   0.02078   0.06653   0.01541   0.07483
    55/299     1.81G   0.06206   0.02064   0.07594    0.1586        12       416    0.3925    0.1693   0.03651   0.02091   0.06466   0.01513   0.07458
    56/299     1.81G   0.06173   0.02131   0.07497     0.158        39       416    0.4185    0.1586   0.03671   0.02023   0.06502   0.01468   0.07446
    57/299     1.81G    0.0609   0.02021   0.07406    0.1552        11       416    0.7004   0.04924   0.04325   0.02355   0.06525   0.01495   0.07406
    58/299     1.81G   0.06152   0.02021   0.07486    0.1566         8       416    0.7345   0.04794   0.04021   0.02409   0.06442   0.01499   0.07408
    59/299     1.81G    0.0603   0.02083   0.07442    0.1556         7       416     0.494    0.1279   0.04332   0.02527   0.06443   0.01529    0.0737
    60/299     1.81G   0.06168    0.0215    0.0745    0.1577        31       416    0.6322   0.05949   0.03517   0.02098   0.06368   0.01531   0.07397
    61/299     1.81G    0.0612   0.02146   0.07322    0.1559        23       416    0.5083   0.08782   0.04286   0.02388   0.06476   0.01498   0.07396
    62/299     1.81G   0.06115   0.02159   0.07451    0.1572        26       416    0.3541    0.1796   0.03691   0.02197   0.06426   0.01477   0.07407
    63/299     1.81G   0.06056   0.02052   0.07378    0.1549        14       416     0.599   0.06054    0.0406    0.0223   0.06396   0.01518   0.07378
    64/299     1.81G    0.0612   0.02013   0.07404    0.1554         6       416    0.7002   0.05225   0.04247   0.02489   0.06316   0.01485   0.07422
    65/299     1.81G   0.06013   0.02098   0.07289     0.154        23       416    0.3378    0.2237   0.04789   0.02256   0.06434   0.01505    0.0741
    66/299     1.81G   0.06093   0.02056    0.0729    0.1544         5       416    0.3255    0.1686   0.03488   0.02016   0.06568   0.01504   0.07407
    67/299     1.81G   0.05924   0.02065   0.07286    0.1528         7       416    0.3993    0.1322   0.03251   0.01817   0.06375   0.01489   0.07381
    68/299     1.81G    0.0601   0.02104   0.07337    0.1545         7       416    0.4499    0.1043   0.03792   0.02133   0.06355   0.01512   0.07401
    69/299     1.81G   0.06004    0.0211   0.07391     0.155        32       416     0.394    0.1504   0.03581   0.02049   0.06636   0.01528   0.07364
    70/299     1.81G   0.05931   0.02093   0.07362    0.1539        11       416    0.5045    0.1086   0.05128   0.02877   0.06289   0.01568   0.07428
    71/299     1.81G   0.05861   0.02053   0.07174    0.1509        28       416    0.4825   0.08858   0.04344   0.02519   0.06344   0.01473   0.07365
    72/299     1.81G   0.05882   0.02108   0.07249    0.1524        12       416    0.3997     0.185    0.0436   0.02572   0.06257   0.01536   0.07402
    73/299     1.81G   0.05955   0.02026    0.0733    0.1531        11       416    0.3088    0.1989   0.05075   0.02926   0.06292   0.01477    0.0736
    74/299     1.81G   0.05842   0.02077   0.07157    0.1508        10       416    0.5435   0.07611   0.03377   0.01988   0.06306   0.01523   0.07336
    75/299     1.81G   0.05744   0.02115   0.07153    0.1501         9       416    0.4275    0.1034   0.04091   0.02376   0.06278   0.01501   0.07351
    76/299     1.81G   0.05861   0.02103   0.07179    0.1514        37       416    0.4222    0.1111   0.04296   0.02517   0.06352   0.01492   0.07357
    77/299     1.81G   0.05774   0.02023    0.0724    0.1504        10       416    0.4722    0.1135   0.05095   0.02625   0.06273   0.01465    0.0735
    78/299     1.81G   0.05861   0.02042   0.07114    0.1502        14       416    0.5814   0.06152   0.04331    0.0256   0.06258   0.01525   0.07421
    79/299     1.81G   0.05745   0.01996   0.07134    0.1488        20       416    0.4802    0.1058   0.04526   0.02685   0.06234   0.01522    0.0734
    80/299     1.81G   0.05646   0.02081   0.07101    0.1483        26       416    0.4037    0.1348   0.04763   0.02764    0.0621   0.01483   0.07262
    81/299     1.81G   0.05657   0.02097   0.07109    0.1486        10       416    0.4006    0.1572   0.05278    0.0321   0.06316   0.01501   0.07293
    82/299     1.81G   0.05663   0.02014   0.07069    0.1475        12       416    0.4902    0.1179   0.04908   0.02787   0.06163   0.01493   0.07281
    83/299     1.81G   0.05883   0.02057    0.0704    0.1498         6       416     0.398    0.1258   0.04704   0.02227   0.06245   0.01513   0.07265
    84/299     1.81G   0.05778   0.02051   0.07057    0.1489        12       416    0.3373    0.2132     0.052   0.03127   0.06309   0.01502   0.07284
    85/299     1.81G   0.05658   0.01957   0.07079    0.1469        24       416    0.5657    0.0809   0.05443   0.03101    0.0631   0.01485   0.07261
    86/299     1.81G   0.05597   0.02015   0.07012    0.1462         9       416    0.4089   0.09317   0.04957   0.02862   0.06257   0.01493   0.07318
    87/299     1.81G   0.05715   0.02115   0.06999    0.1483        29       416    0.5006    0.1061   0.05093   0.02746    0.0631   0.01534    0.0735
    88/299     1.81G   0.05644   0.01972   0.07014    0.1463        18       416    0.3034    0.2733   0.05754   0.03225   0.06235   0.01481   0.07358
    89/299     1.81G   0.05715    0.0201   0.06905    0.1463        12       416    0.3847    0.1505   0.04911    0.0276     0.063   0.01544   0.07286
    90/299     1.81G   0.05708   0.02039   0.06898    0.1464         9       416    0.4731    0.1097   0.05149   0.02458   0.06253   0.01575   0.07256
    91/299     1.81G   0.05602   0.01958   0.06896    0.1446        11       416    0.4255    0.1372   0.05432   0.02932   0.06233   0.01503   0.07286
    92/299     1.81G   0.05592   0.01962   0.06874    0.1443         8       416    0.5215   0.07256   0.06488   0.04012   0.06258   0.01562   0.07271
    93/299     1.81G   0.05718   0.02136   0.06984    0.1484        13       416    0.4166    0.1205   0.05096   0.02787    0.0624   0.01495   0.07281
    94/299     1.81G   0.05538   0.02048   0.06871    0.1446        10       416    0.3685    0.1796   0.06805    0.0387    0.0612   0.01526   0.07177
    95/299     1.81G   0.05695   0.02051   0.06931    0.1468         8       416     0.476    0.1132    0.0442   0.02617   0.06274   0.01515   0.07425
    96/299     1.81G   0.05576   0.01968    0.0685    0.1439         5       416    0.4826   0.09834   0.06356    0.0262   0.06207   0.01535   0.07205
    97/299     1.81G   0.05688   0.01971   0.06724    0.1438        11       416    0.3933     0.135   0.05653   0.03161   0.06135   0.01489   0.07272
    98/299     1.81G   0.05669   0.02024   0.06716    0.1441        25       416    0.4032    0.1546   0.04888   0.02664   0.06169   0.01525    0.0729
    99/299     1.81G   0.05566   0.02008    0.0661    0.1418        11       416     0.445    0.1155   0.07046   0.04344   0.06114   0.01481   0.07246
   100/299     1.81G   0.05605   0.02044   0.06609    0.1426        24       416    0.4883    0.1173   0.07225   0.04173   0.06116   0.01506   0.07227
   101/299     1.81G   0.05541   0.01967   0.06645    0.1415        10       416    0.4497    0.1129   0.06528   0.03382   0.06214   0.01496   0.07259
   102/299     1.81G   0.05494    0.0191   0.06815    0.1422         6       416    0.4297    0.1004    0.0624   0.03964    0.0611   0.01506   0.07225
   103/299     1.81G   0.05481   0.01872   0.06651      0.14        15       416    0.5941   0.08779   0.08019   0.04404   0.06055   0.01509   0.07147
   104/299     1.81G   0.05568    0.0192   0.06647    0.1414         9       416     0.364    0.1431   0.05881   0.03375   0.06191    0.0152   0.07278
   105/299     1.81G   0.05625   0.02028   0.06675    0.1433        12       416    0.5728   0.09793   0.07963   0.04306   0.06118   0.01557    0.0723
   106/299     1.81G   0.05359   0.02037   0.06579    0.1398         9       416    0.3027    0.2133   0.05866    0.0351   0.06117   0.01501   0.07344
   107/299     1.81G   0.05522   0.02015    0.0644    0.1398        23       416    0.4079     0.143   0.06632   0.03561   0.06114   0.01536   0.07143
   108/299     1.81G   0.05272   0.01872   0.06585    0.1373        10       416    0.4455    0.1274    0.0625   0.03449   0.06221   0.01494   0.07281
   109/299     1.81G    0.0536   0.01838   0.06653    0.1385        12       416    0.5259    0.1072   0.07344   0.03729   0.06104   0.01495   0.07078
   110/299     1.81G   0.05406   0.01887   0.06489    0.1378         4       416    0.4745    0.1066   0.06833   0.03932   0.06169   0.01512   0.07192
   111/299     1.81G   0.05457   0.01972   0.06605    0.1403         5       416    0.5457   0.09022   0.08258   0.04557   0.06139   0.01492    0.0707
   112/299     1.81G   0.05464   0.01908   0.06453    0.1383        15       416    0.4223    0.1453   0.08144   0.04259   0.06115   0.01493   0.07203
   113/299     1.81G   0.05457   0.02047   0.06472    0.1398        17       416    0.3341    0.1783   0.06581   0.03766   0.06086   0.01542    0.0713
   114/299     1.81G   0.05478   0.01898   0.06439    0.1381         6       416    0.3892    0.1266    0.0598    0.0345   0.06081    0.0154    0.0721
   115/299     1.81G   0.05383   0.01923   0.06395     0.137        14       416     0.466    0.1122   0.07475   0.04534   0.06036   0.01494   0.07149
   116/299     1.81G   0.05426   0.02002   0.06491    0.1392        23       416    0.4407   0.09541   0.05607   0.02804   0.06122   0.01517   0.07146
   117/299     1.81G   0.05353    0.0194   0.06359    0.1365        12       416    0.4785   0.09971   0.07415   0.03973   0.06051   0.01534   0.07312
   118/299     1.81G    0.0537   0.01904   0.06433    0.1371        14       416    0.4491   0.09209    0.0674   0.03674   0.06101   0.01509   0.07182
   119/299     1.81G   0.05315   0.01921   0.06348    0.1358         8       416    0.4207    0.1296   0.06403   0.03412   0.06076   0.01484   0.07202
   120/299     1.81G   0.05429   0.01991   0.06244    0.1366        31       416    0.4081    0.1515   0.07028   0.03887   0.06039   0.01519   0.07266
   121/299     1.81G    0.0527   0.01914   0.06324    0.1351         6       416    0.6462    0.0672   0.07692   0.04222   0.06062   0.01497   0.07179
   122/299     1.81G   0.05343   0.01881   0.06168    0.1339        20       416    0.3411    0.1459   0.06645   0.04113   0.06135   0.01491   0.07162
   123/299     1.81G   0.05447   0.01958   0.06296     0.137        14       416    0.3995    0.1377   0.07262   0.03837   0.06073    0.0149   0.07097
   124/299     1.81G   0.05271   0.01929   0.06273    0.1347        10       416    0.4652   0.08016   0.06734   0.04073   0.06206   0.01535   0.07291
   125/299     1.81G   0.05161   0.01927   0.06106    0.1319        10       416    0.3675    0.1605   0.07069   0.04034   0.06104   0.01534   0.07214
   126/299     1.81G   0.05322   0.01817   0.06202    0.1334        17       416      0.48    0.1112    0.0809   0.04396   0.06113   0.01495   0.07092
   127/299     1.81G   0.05291   0.01866   0.06165    0.1332        13       416    0.4302    0.1306   0.08008   0.04953   0.06053   0.01485   0.07038
   128/299     1.81G   0.05341   0.01842   0.06151    0.1333        14       416    0.4224     0.121   0.06673   0.03652   0.06081   0.01515   0.07195
   129/299     1.81G    0.0522   0.01907   0.06215    0.1334        10       416    0.5467    0.1143   0.08281   0.04783   0.06019   0.01508     0.072
   130/299     1.81G   0.05353   0.01946    0.0596    0.1326        13       416    0.3247    0.1691   0.06515   0.03838   0.06043   0.01496   0.07226
   131/299     1.81G   0.05305   0.01865   0.06017    0.1319        11       416    0.3979    0.1144   0.06521   0.04126   0.06046   0.01498   0.07179
   132/299     1.81G   0.05307   0.01909   0.06091    0.1331        10       416    0.4096     0.121   0.07799   0.04591   0.06055    0.0154    0.0708
   133/299     1.81G    0.0524   0.01865   0.05946    0.1305        12       416    0.4207    0.1586   0.07854   0.04672   0.06066   0.01515   0.07149
   134/299     1.81G   0.05237   0.01876   0.05961    0.1307        14       416    0.5268    0.1067   0.08114    0.0465   0.06067   0.01514   0.07185
   135/299     1.81G   0.05244   0.01851    0.0593    0.1303         5       416    0.3843    0.1379   0.07819   0.04271   0.06091   0.01494   0.07233
   136/299     1.81G   0.05289   0.01811   0.05938    0.1304        12       416    0.4611    0.1001    0.0769   0.03415   0.06091   0.01466   0.07344
   137/299     1.81G   0.05347   0.01944   0.05877    0.1317        17       416    0.3965    0.1346   0.07703   0.04455   0.06082   0.01522   0.07367
   138/299     1.81G   0.05101   0.01835   0.05887    0.1282        11       416    0.4743    0.1078   0.08223   0.03349   0.06087   0.01528   0.07305
   139/299     1.81G   0.05305   0.01911   0.05927    0.1314        19       416    0.3868    0.1605   0.08769   0.04535   0.06073   0.01499   0.07203
   140/299     1.81G   0.05201   0.01843   0.05841    0.1289        13       416    0.4883    0.1094   0.06906   0.04099   0.05998   0.01526   0.07099
   141/299     1.81G   0.05388   0.01823   0.05771    0.1298         6       416    0.4725   0.09742   0.08744      0.05   0.06081   0.01523   0.07152
   142/299     1.81G   0.05103    0.0182   0.05772    0.1269        24       416    0.4038    0.1118   0.07132   0.04104   0.06039   0.01503   0.07174
   143/299     1.81G   0.05204   0.01901   0.05705    0.1281        19       416    0.4103    0.1191   0.06958    0.0403   0.06071   0.01525   0.07188
   144/299     1.81G   0.05071   0.01799   0.05723    0.1259         8       416    0.3244    0.1645   0.07265   0.04435   0.05986   0.01539   0.07128
   145/299     1.81G   0.05273   0.01857   0.05671     0.128        23       416    0.4204    0.1339   0.07506   0.03973    0.0603   0.01525   0.07136
   146/299     1.81G    0.0512   0.01849     0.057    0.1267        18       416    0.4661    0.1283   0.08915   0.05025    0.0606   0.01504   0.07222
   147/299     1.81G    0.0512   0.01882   0.05693     0.127        27       416    0.3629    0.1631   0.08315    0.0456   0.06024   0.01512   0.07182
   148/299     1.81G    0.0518   0.01773   0.05777    0.1273        17       416    0.4151     0.137   0.08135   0.03926   0.06072   0.01507   0.07242
   149/299     1.81G   0.05213   0.01848   0.05652    0.1271        16       416    0.4738    0.1179   0.08523   0.04136   0.06015    0.0157   0.07195
   150/299     1.81G   0.05085   0.01826   0.05577    0.1249        15       416     0.424     0.127   0.07289   0.03957   0.06124   0.01516   0.07254
   151/299     1.81G    0.0513    0.0176   0.05595    0.1249        13       416    0.4458    0.1146   0.06999   0.03746   0.06059   0.01543   0.07225
   152/299     1.81G   0.05153   0.01924   0.05366    0.1244        27       416    0.3657    0.1472   0.06963   0.03416   0.06061   0.01554   0.07127
   153/299     1.81G    0.0516   0.01802     0.054    0.1236        12       416    0.3428    0.1539   0.06639   0.03639   0.06093   0.01549   0.07206
   154/299     1.81G   0.05182   0.01785   0.05354    0.1232        16       416    0.3972    0.1312   0.08306     0.043   0.06108   0.01528   0.07152
   155/299     1.81G   0.05163   0.01768   0.05406    0.1234        18       416    0.3631    0.1646   0.07704   0.04393   0.06248   0.01523   0.07244
   156/299     1.81G   0.05205   0.01847   0.05458    0.1251        12       416    0.5231   0.07325   0.07242   0.03974   0.06023   0.01545   0.07198
   157/299     1.81G   0.05006   0.01812   0.05529    0.1235        18       416    0.3261    0.1604   0.07405   0.04425   0.06031   0.01528   0.07229
   158/299     1.81G    0.0511   0.01846   0.05407    0.1236        11       416    0.6057   0.08776   0.07229   0.04106   0.06063   0.01545    0.0725
   159/299     1.81G   0.05172   0.01902   0.05416    0.1249        13       416    0.3978    0.1214   0.07933   0.04663   0.05999   0.01509   0.07168
   160/299     1.81G   0.05077   0.01766    0.0535    0.1219         7       416    0.3699    0.1377   0.09137    0.0577    0.0607   0.01526   0.07155
   161/299     1.81G    0.0517   0.01834   0.05248    0.1225        19       416     0.386    0.1284   0.08617   0.05209   0.06092   0.01555   0.07182
   162/299     1.81G   0.05105    0.0185   0.05249     0.122        13       416    0.3154    0.1987   0.09349   0.05315   0.06057   0.01509   0.07131
   163/299     1.81G   0.05168   0.01826   0.05294    0.1229        12       416    0.4509    0.1082   0.08443   0.04833    0.0606   0.01552   0.07081
   164/299     1.81G   0.05015   0.01692   0.05262    0.1197        13       416    0.4376    0.1291   0.08463   0.04795   0.06079   0.01549   0.07197
   165/299     1.81G   0.04902   0.01729   0.05249    0.1188        22       416    0.3941    0.1508   0.08399   0.05116   0.06069    0.0153   0.07219
   166/299     1.81G   0.05031   0.01745   0.05278    0.1205        13       416    0.3913    0.1421   0.07685   0.04058   0.06104   0.01539   0.07373
   167/299     1.81G    0.0495   0.01832   0.04965    0.1175         5       416    0.5365    0.1031    0.1021   0.05888   0.06085   0.01486   0.07323
   168/299     1.81G   0.05072   0.01757   0.05008    0.1184        10       416    0.4598    0.1277   0.09756   0.05468   0.06084   0.01523   0.07304
   169/299     1.81G   0.05063   0.01808   0.04945    0.1182        16       416     0.456    0.1294   0.09764   0.05099   0.06037   0.01558   0.07397
   170/299     1.81G   0.05111   0.01773   0.04994    0.1188        11       416    0.6084   0.08984    0.1086   0.06346   0.06008    0.0151   0.07268
   171/299     1.81G   0.05066   0.01762   0.04975     0.118         6       416    0.3493    0.1659   0.09127   0.04964   0.06069   0.01519   0.07362
   172/299     1.81G   0.04995   0.01743   0.05135    0.1187         5       416    0.4353    0.1302   0.08808   0.05274   0.06056   0.01529   0.07258
   173/299     1.81G    0.0508   0.01819   0.05042    0.1194        14       416    0.4821    0.1024   0.08392   0.05026   0.05984   0.01535     0.073
   174/299     1.81G   0.04994   0.01746   0.04876    0.1162         9       416    0.3785    0.1385   0.07439   0.04339   0.06064   0.01524   0.07286
   175/299     1.81G   0.05022    0.0177   0.04858    0.1165         6       416    0.3702    0.1791   0.07897   0.04458   0.06068   0.01513   0.07383
   176/299     1.81G   0.04964   0.01726   0.04839    0.1153        18       416    0.2985    0.1541   0.07391   0.04292   0.06054   0.01532   0.07381
   177/299     1.81G   0.05044   0.01807   0.04812    0.1166        19       416    0.3828    0.1277   0.08883   0.05353   0.06032   0.01515   0.07369
   178/299     1.81G   0.04903   0.01722   0.04923    0.1155        20       416    0.4307    0.1125   0.08122   0.05013   0.06034   0.01527   0.07519
   179/299     1.81G   0.04838   0.01655   0.04898    0.1139         6       416    0.2329    0.1943   0.08152   0.04893   0.05972   0.01538    0.0751
   180/299     1.81G   0.05065   0.01813   0.04807    0.1168         9       416    0.4654    0.1162   0.09133   0.05374   0.05975   0.01548   0.07482
   181/299     1.81G   0.04942   0.01717   0.04746     0.114         7       416    0.4133    0.1353   0.09492   0.05581   0.06013   0.01524   0.07417
   182/299     1.81G   0.04891   0.01808   0.04816    0.1151        19       416    0.4272    0.1309   0.09817   0.05621   0.06025    0.0151   0.07335
   183/299     1.81G    0.0488   0.01826   0.04762    0.1147        20       416    0.3984    0.1204   0.08848   0.05374    0.0603   0.01514   0.07302
   184/299     1.81G   0.04926   0.01793   0.04763    0.1148        19       416    0.2838    0.1949     0.085   0.05108   0.06005   0.01544   0.07387
   185/299     1.81G    0.0483   0.01737   0.04732     0.113        12       416     0.384    0.1544   0.08372   0.04817   0.06013   0.01541   0.07395
   186/299     1.81G   0.04907   0.01733   0.04482    0.1112         5       416     0.434    0.1021   0.08398   0.05049   0.06032   0.01562   0.07365
   187/299     1.81G   0.04755   0.01731   0.04685    0.1117        14       416    0.3649    0.1404   0.08903   0.05014   0.06008   0.01537   0.07305
   188/299     1.81G   0.04762   0.01719   0.04647    0.1113         6       416     0.481    0.1239   0.08159   0.04327   0.06003   0.01575   0.07458
   189/299     1.81G   0.04851   0.01728   0.04533    0.1111         7       416     0.361    0.1596   0.08328   0.04941   0.05988   0.01544    0.0741
   190/299     1.81G   0.04935   0.01777   0.04427    0.1114        14       416     0.422    0.1169   0.07681   0.04195   0.06017   0.01556   0.07529
   191/299     1.81G   0.04809    0.0172   0.04567     0.111        11       416    0.5916   0.07875   0.09552   0.04762   0.06055   0.01544   0.07428
   192/299     1.81G   0.04793    0.0167    0.0455    0.1101        18       416    0.4548    0.1083   0.09592   0.04835   0.06017   0.01539   0.07471
   193/299     1.81G    0.0489    0.0169   0.04322     0.109         9       416    0.4387    0.1173   0.08634   0.05267   0.06024   0.01555   0.07436
   194/299     1.81G   0.04793    0.0175   0.04488    0.1103        21       416    0.4731    0.1222   0.09112    0.0543   0.06046   0.01537   0.07357
   195/299     1.81G   0.04771   0.01664   0.04371    0.1081         5       416    0.4676    0.1307   0.09392   0.05334   0.06021   0.01533   0.07413
   196/299     1.81G   0.04809   0.01672    0.0439    0.1087        14       416    0.4794     0.117   0.08526   0.05105   0.06042   0.01516   0.07299
   197/299     1.81G   0.04785   0.01686   0.04228     0.107        16       416    0.3794    0.1523   0.08116   0.04808   0.06066   0.01536   0.07445
   198/299     1.81G   0.04804   0.01685   0.04457    0.1095        10       416    0.4328    0.1333   0.09183   0.05176    0.0604   0.01545   0.07478
   199/299     1.81G   0.04803   0.01684   0.04272    0.1076        14       416    0.5125    0.1044   0.08386   0.05077   0.06016   0.01529   0.07523
   200/299     1.81G   0.04877   0.01688   0.04231     0.108        18       416     0.454    0.1017   0.08532   0.05114   0.06049   0.01585    0.0757
   201/299     1.81G   0.04782   0.01656   0.04165     0.106         9       416     0.409    0.1081   0.08816   0.04912   0.06043   0.01538   0.07575
   202/299     1.81G   0.04875   0.01765   0.04089    0.1073        20       416    0.4288    0.1235   0.08993   0.05236   0.06036   0.01538   0.07498
   203/299     1.81G   0.04889   0.01728   0.04116    0.1073        13       416    0.4287    0.1406   0.09953   0.05776   0.06006   0.01522   0.07501
   204/299     1.81G   0.04805   0.01606   0.04208    0.1062        11       416    0.4537     0.112   0.09603   0.06028   0.05989   0.01544   0.07516
   205/299     1.81G   0.04809   0.01696   0.04108    0.1061        19       416     0.383    0.1407   0.07426   0.04169    0.0605    0.0152   0.07515
   206/299     1.81G    0.0483   0.01772   0.04217    0.1082        22       416    0.3393    0.1812   0.08469   0.05172   0.06009   0.01511   0.07595
   207/299     1.81G   0.04901   0.01737   0.04018    0.1066        33       416     0.552   0.08472   0.09105   0.05283   0.06071    0.0155   0.07662
   208/299     1.81G   0.04956   0.01742   0.03934    0.1063        17       416    0.2327    0.2048   0.08895   0.04844   0.06007   0.01548    0.0753
   209/299     1.81G   0.04632   0.01697   0.04013    0.1034        21       416    0.4929    0.1306   0.09851   0.06039   0.05959   0.01523   0.07576
   210/299     1.81G    0.0467   0.01609   0.04042    0.1032         6       416    0.5408    0.1163   0.08538   0.05262   0.06012   0.01548   0.07654
   211/299     1.81G   0.04725   0.01641   0.04008    0.1037         5       416    0.5378    0.1012    0.1012   0.05445   0.05995   0.01543   0.07516
   212/299     1.81G   0.04817   0.01694   0.03976    0.1049        12       416    0.4691    0.1128    0.1001   0.06113   0.05983   0.01545   0.07522
   213/299     1.81G   0.04785   0.01697   0.03846    0.1033        18       416    0.2349    0.1632   0.07526   0.04472   0.06078   0.01582   0.07631
   214/299     1.81G    0.0485   0.01696   0.03938    0.1048        14       416    0.3831    0.1365   0.08233   0.05036   0.06012   0.01569   0.07752
   215/299     1.81G   0.04761    0.0165   0.03942    0.1035         8       416    0.2326    0.1817   0.07311   0.04219   0.06069   0.01574   0.07751
   216/299     1.81G   0.04838   0.01692   0.03846    0.1038        21       416    0.3023    0.1847    0.0887   0.05405   0.05998   0.01547   0.07587
   217/299     1.81G   0.04953   0.01679   0.03656    0.1029        17       416    0.4846   0.09443   0.08903   0.05246   0.06022   0.01547   0.07609
   218/299     1.81G    0.0461   0.01597   0.03768   0.09975        14       416     0.387     0.136   0.09511   0.05442   0.05995   0.01564   0.07763
   219/299     1.81G   0.04681   0.01678   0.03649    0.1001        12       416    0.3889    0.1453   0.08775    0.0503   0.06036    0.0155   0.07742
   220/299     1.81G   0.04626   0.01598   0.03898    0.1012        10       416    0.4797   0.08891   0.07991   0.04659   0.06048   0.01536   0.07649
   221/299     1.81G   0.04729   0.01635    0.0385    0.1021         8       416    0.3897    0.1288   0.08124   0.04555   0.06081   0.01558   0.07575
   222/299     1.81G   0.04673   0.01683   0.03732    0.1009        23       416    0.2558    0.1832   0.07526   0.04427   0.05981   0.01557   0.07694
   223/299     1.81G   0.04821   0.01658   0.03689    0.1017        20       416    0.2471    0.2015   0.07855   0.04549   0.05978   0.01575    0.0776
   224/299     1.81G     0.048   0.01629   0.03659    0.1009        12       416    0.2621    0.1894   0.08159   0.04807   0.06007   0.01549   0.07735
   225/299     1.81G   0.04699   0.01678   0.03696    0.1007        10       416     0.262     0.201   0.08479   0.05483   0.06021    0.0155   0.07752
   226/299     1.81G   0.04693   0.01666   0.03659    0.1002        12       416    0.2348     0.214   0.08892   0.05305   0.05969    0.0154   0.07765
   227/299     1.81G   0.04645   0.01653    0.0358   0.09878        17       416    0.5417   0.09922   0.08927   0.05514   0.06014   0.01536   0.07747
   228/299     1.81G   0.04614   0.01552   0.03514    0.0968        12       416    0.2884    0.1989   0.07769   0.04436   0.06043   0.01553   0.07713
   229/299     1.81G   0.04632    0.0158   0.03587   0.09799        17       416    0.5085    0.1063   0.09791   0.05517   0.06034   0.01528   0.07744
   230/299     1.81G   0.04716   0.01614   0.03661   0.09991        11       416    0.2481    0.1924   0.09369   0.05156   0.06012   0.01522   0.07764
   231/299     1.81G   0.04601   0.01581   0.03565   0.09747        10       416    0.3069     0.196    0.0939   0.06028    0.0606   0.01539   0.07626
   232/299     1.81G     0.046   0.01704   0.03467   0.09771        10       416    0.4849   0.08854   0.09042    0.0536   0.06019   0.01538   0.07868
   233/299     1.81G   0.04534   0.01625   0.03441     0.096        23       416    0.4863   0.09002   0.09291   0.05655   0.06017   0.01551   0.07808
   234/299     1.81G   0.04641   0.01653    0.0343   0.09724        18       416    0.3285    0.1494    0.1012   0.06104   0.06056   0.01547   0.07784
   235/299     1.81G   0.04656   0.01548   0.03484   0.09688         7       416     0.287    0.1671   0.09614   0.05764   0.06057   0.01535   0.07789
   236/299     1.81G    0.0459   0.01612   0.03375   0.09576         7       416    0.2478    0.2078   0.08165   0.04704   0.06017   0.01537   0.07969
   237/299     1.81G   0.04488   0.01543   0.03522   0.09552        17       416    0.3025    0.1643   0.08578   0.04851    0.0606   0.01536   0.07835
   238/299     1.81G   0.04539   0.01577   0.03343    0.0946        15       416    0.4425     0.111    0.1064   0.05642   0.06084    0.0156   0.07837
   239/299     1.81G   0.04644   0.01612   0.03262   0.09518        19       416    0.2931    0.1513   0.08356   0.05339    0.0605    0.0155   0.07844
   240/299     1.81G   0.04584   0.01639   0.03352   0.09575        32       416    0.2775    0.1661   0.08134   0.04841   0.06037   0.01537   0.07956
   241/299     1.81G   0.04638   0.01668   0.03329   0.09635        18       416    0.2486    0.1903   0.08913   0.05648   0.06021   0.01543   0.07923
   242/299     1.81G   0.04599   0.01575   0.03363   0.09536        14       416    0.3455    0.1308   0.08581   0.05627   0.06003   0.01543    0.0792
   243/299     1.81G   0.04566   0.01587   0.03219   0.09372        24       416    0.2796    0.1631   0.09567   0.06293   0.06039   0.01551   0.07965
   244/299     1.81G   0.04526   0.01601   0.03165   0.09293        14       416    0.2938    0.1716   0.09408   0.05677    0.0603   0.01544   0.07949
   245/299     1.81G   0.04689   0.01563    0.0316   0.09412        17       416    0.3067    0.1754   0.09362   0.05842    0.0602   0.01551    0.0799
   246/299     1.81G   0.04797   0.01643   0.03079    0.0952        26       416    0.2564    0.1832   0.09235   0.06061   0.06046   0.01538   0.08076
   247/299     1.81G     0.046   0.01632   0.03125   0.09357        15       416    0.2785     0.171    0.1028   0.06653   0.06025   0.01564   0.07872
   248/299     1.81G   0.04494   0.01549   0.03063   0.09106        20       416    0.3514    0.1685   0.09598   0.06228   0.06021   0.01559   0.08027
   249/299     1.81G   0.04594   0.01707   0.03161   0.09461        60       416    0.3136    0.1242   0.09193   0.06065   0.05996   0.01563   0.07967
   250/299     1.81G   0.04438   0.01507   0.03247   0.09192        15       416     0.338    0.1296    0.0937   0.05863   0.06044   0.01562   0.07845
   251/299     1.81G   0.04597   0.01569   0.03126   0.09292        11       416    0.3287    0.1619   0.08379   0.05078    0.0599    0.0157   0.08025
   252/299     1.81G   0.04478   0.01579   0.03034    0.0909        16       416    0.3335    0.1465   0.08675   0.05566   0.05995   0.01555    0.0807
   253/299     1.81G   0.04548    0.0166   0.03078   0.09286        21       416    0.2947     0.172   0.08314   0.05414   0.06028   0.01582   0.08082
   254/299     1.81G   0.04536   0.01628   0.03041   0.09205        24       416    0.3343    0.1616   0.08068   0.05062   0.05999   0.01559   0.08078
   255/299     1.81G   0.04464   0.01537   0.03201   0.09202        11       416    0.3309    0.1573   0.08691   0.05748    0.0599    0.0156    0.0815
   256/299     1.81G   0.04565   0.01609   0.03042   0.09216        16       416    0.3695     0.152   0.08923   0.05454   0.05994   0.01554   0.08077
   257/299     1.81G   0.04535    0.0153   0.03101   0.09166        16       416    0.1922    0.2013    0.0807    0.0485   0.05978   0.01564   0.08068
   258/299     1.81G   0.04453   0.01523      0.03   0.08975        13       416    0.2265    0.1762   0.08179   0.05199   0.06046   0.01556    0.0805
   259/299     1.81G   0.04527   0.01542   0.02997   0.09066         7       416    0.3732    0.1148   0.09043   0.05793   0.06013   0.01569   0.08165
   260/299     1.81G   0.04566   0.01507   0.02958   0.09032         6       416    0.2995    0.1482   0.08904   0.05568   0.05934   0.01558    0.0809
   261/299     1.81G   0.04541   0.01611   0.02994   0.09146        23       416    0.3221    0.1852   0.08804   0.05627   0.05995   0.01551   0.07928
   262/299     1.81G   0.04455   0.01498   0.02901   0.08855         8       416    0.3537    0.1552   0.09298   0.05947   0.05979   0.01569   0.08056
   263/299     1.81G   0.04514   0.01565   0.02987   0.09066        14       416    0.3131     0.174   0.08637   0.05371   0.05988    0.0156   0.08103
   264/299     1.81G   0.04518   0.01543   0.02901   0.08961        12       416    0.3387      0.14   0.07469   0.04636   0.05997   0.01564   0.08026
   265/299     1.81G   0.04366   0.01551   0.02882   0.08799         8       416    0.3016    0.1508   0.09023   0.05805   0.06018   0.01566   0.08041
   266/299     1.81G   0.04464   0.01553   0.02811   0.08828         9       416    0.3929    0.1613    0.1025   0.06584   0.05995   0.01546   0.08037
   267/299     1.81G   0.04512   0.01581   0.02824   0.08917        28       416     0.286    0.2013    0.1159   0.06774   0.06002   0.01563   0.08027
   268/299     1.81G   0.04511   0.01602   0.02804   0.08916        18       416       0.3    0.2051    0.1012   0.06535   0.05988   0.01558   0.08089
   269/299     1.81G    0.0453   0.01566   0.02766   0.08862        16       416    0.4214    0.1316   0.09077   0.05506   0.06015   0.01577    0.0808
   270/299     1.81G   0.04458   0.01507   0.02903   0.08867        13       416    0.3788    0.1575   0.09365   0.05806   0.05997   0.01576   0.08115
   271/299     1.81G   0.04372   0.01543   0.02768   0.08683        15       416    0.3503    0.1311   0.08661   0.05092   0.05974   0.01565    0.0832
   272/299     1.81G   0.04408   0.01603   0.02824   0.08835        19       416    0.4295    0.1173   0.09249   0.06068   0.05997    0.0156   0.08135
   273/299     1.81G   0.04338   0.01501   0.02884   0.08723        11       416    0.4335    0.1191   0.09485   0.06126      0.06   0.01575   0.08153
   274/299     1.81G    0.0435   0.01564   0.02732   0.08646        24       416    0.3324    0.1405       0.1    0.0645    0.0599   0.01574   0.08157
   275/299     1.81G     0.044   0.01501   0.02817   0.08718        10       416    0.4087    0.1307    0.1059   0.06572   0.05952   0.01576   0.08242
   276/299     1.81G   0.04413   0.01536   0.02727   0.08676         8       416    0.3612    0.1326   0.08928   0.05737   0.05944   0.01577   0.08139
   277/299     1.81G   0.04438   0.01519   0.02742   0.08699        16       416    0.2427      0.19    0.1001    0.0634   0.05964    0.0159   0.08099
   278/299     1.81G   0.04291   0.01455   0.02751   0.08496        11       416    0.4216    0.1398    0.1025   0.06743   0.05919   0.01567   0.08086
   279/299     1.81G   0.04335   0.01564   0.02729   0.08628        20       416    0.3853    0.1443   0.09115   0.05782   0.05933   0.01579   0.08227
   280/299     1.81G   0.04451   0.01516   0.02772   0.08739        11       416     0.314    0.1767   0.09599   0.05959   0.05991   0.01582   0.08223
   281/299     1.81G   0.04442   0.01561    0.0266   0.08662         7       416     0.306    0.1754    0.1002   0.06316   0.05963   0.01556   0.08193
   282/299     1.81G   0.04346   0.01508    0.0279   0.08643        17       416    0.3408    0.1357   0.09093   0.05698   0.05961   0.01563   0.08191
   283/299     1.81G   0.04304    0.0148   0.02675   0.08459        24       416     0.368    0.1518   0.09431   0.05983   0.05975   0.01575   0.08174
   284/299     1.81G   0.04432   0.01511   0.02593   0.08536        19       416    0.2244    0.1857    0.0873   0.05281   0.05986   0.01576   0.08231
   285/299     1.81G   0.04356   0.01568   0.02563   0.08488        17       416    0.2883     0.155   0.08546   0.05455   0.05966   0.01563   0.08144
   286/299     1.81G   0.04396   0.01554    0.0268    0.0863        21       416    0.2811    0.1481   0.08426   0.05421   0.05991   0.01572   0.08244
   287/299     1.81G   0.04318   0.01502   0.02606   0.08427        29       416    0.1928    0.1921   0.08696   0.05308   0.05995   0.01566    0.0819
   288/299     1.81G   0.04404   0.01506   0.02549   0.08459        13       416    0.4578    0.1028    0.1011   0.06479   0.05988   0.01567   0.08218
   289/299     1.81G     0.044   0.01505   0.02506   0.08411        11       416    0.2896    0.1788    0.1017   0.06738   0.06026    0.0156   0.08226
   290/299     1.81G    0.0439   0.01506    0.0253   0.08426        24       416    0.3371    0.1248    0.0852   0.05581   0.06009   0.01582    0.0826
   291/299     1.81G   0.04377   0.01548   0.02434    0.0836        17       416    0.2399    0.1493   0.08442   0.05491   0.05999   0.01594   0.08153
   292/299     1.81G   0.04355   0.01564   0.02532   0.08452        26       416    0.4679    0.1039   0.09121   0.05981   0.06008   0.01586   0.08174
   293/299     1.81G   0.04416   0.01579   0.02496   0.08491         9       416     0.342    0.1425   0.08466   0.05613   0.05961   0.01567   0.08173
   294/299     1.81G   0.04359   0.01487   0.02519   0.08365        17       416    0.3059    0.1424   0.08601   0.05583   0.05982    0.0157   0.08127
   295/299     1.81G   0.04348   0.01511   0.02472   0.08331        12       416    0.2421    0.1346    0.0886   0.05588   0.06004   0.01565   0.08212
   296/299     1.81G    0.0437   0.01479   0.02507   0.08355         5       416    0.2927    0.1221   0.09006   0.05653   0.05966   0.01573   0.08341
   297/299     1.81G   0.04416   0.01548   0.02487   0.08451         8       416      0.31    0.1389    0.1003   0.06582   0.05982   0.01594   0.08303
   298/299     1.81G   0.04361   0.01478   0.02484   0.08324        13       416    0.2757    0.1368   0.09579   0.06001   0.05986     0.016   0.08314
   299/299     1.81G   0.04265   0.01449   0.02421   0.08135        19       416    0.3781    0.1089   0.09565    0.0629    0.0596   0.01618   0.08281
